100
1544320 2107184
9570735 -7514449
9723591 -4570102
9981441 3966749
-8898235 -6174604
-8002495 5360388
4533416 -5286965
-2562952 -4714410
2449883 -8493028
4865597 1492081
6402591 8667916
-63173 2903330
4638714 8646308
1217925 3143464
-1619207 -5498111
-2674618 -1735424
6399209 1485643
5719620 -3099740
6119434 4467225
-6571544 -6704733
-7977707 3546893
-6963156 4569707
-6927666 -4639251
-6106787 562478
2084226 8721762
-9245853 -7313988
-2403350 9332502
9498270 6710226
377471 -3425658
-3979348 3416198
5952385 -8439351
4464040 6298885
-678229 9336349
8637444 5267226
4360252 2873145
1153858 5300132
-1395985 -9967037
9313951 3335581
-8864224 -5494691
8487120 3159014
-8568784 -6290760
9734929 6462628
-6215069 -4885320
5425846 -1790684
-6636010 -2602881
9011780 770640
-8079237 8762424
-8632619 -2820582
9199231 -6360988
-8854594 -9031757
5865799 8276245
2354783 2027669
7154381 -8920604
-1241933 9886336
9938136 -3284511
6060528 -2917209
-1628496 -9069798
9048733 -3305183
-3250902 -3246957
356051 -8553363
7429662 -3958033
-6069726 -7141731
-4721760 1591327
-3522532 -1427404
-2340491 6799080
3101843 -3287682
8632876 3971676
4332000 7676540
-5585382 -8399858
-1092649 3924817
-8501651 -986241
2154525 -8155208
-6076645 -7656587
-7096752 7486892
5701643 -3526882
4245557 -2086454
1748002 -8576696
1976371 4078099
4196988 1604820
9149659 7555333
7841256 2430878
9627368 4146380
-451539 -3947573
-1067831 1862172
-4051811 -5196075
-4377115 8289207
-1313301 -1158443
-5704713 -4564589
-1986840 9801829
-979956 729786
3330209 6913248
337425 -8287482
1415112 2415071
-6986364 -8460095
-3084576 6748996
-3439999 -7823122
-5387031 -8954842
2065148 8379807
-129735 8297844
2326725 -8785629
